chr1.171282963_T	chr2.215401061_A	chr2.241072116_A	chr3.6697902_T	chr3.6699553_G	chr7.138993603_C	chr8.106149607_T	chr9.135681285_A	chr10.93532238_A	chr12.32724664_T	chr12.128184538_T	chr13.37231354_G	chr15.89411735_C	chr15.89411741_T	chr16.6827159_A	chr19.16697358_G	chr19.47571010_C	chr20.51096383_C	chr22.44156886_T	chrX.24396162_C	chrX.24396268_G	chrX.24408658_G	chrX.49752540_A	chrX.49775416_G	chrX.111951522_G	chrX.111968160_T
Sample_2001	2	0	1	0	0	0	0	2	2	2	2	0	1	1	2	2	0	0	2	0	0	0	1	1	0	1
Sample_2002	2	0	0	0	0	1	0	0	0	0	0	2	0	0	0	0	0	0	0	2	2	2	0	0	0	0
Sample_2003	1	2	0	0	0	0	0	0	1	0	1	0	0	0	0	0	1	0	1	2	0	2	0	0	0	0
Sample_2004	0	0	1	1	1	0	0	1	0	0	1	2	2	2	2	0	2	0	1	0	0	0	1	0	0	0
Sample_2005	0	0	2	1	1	0	0	0	2	2	1	0	1	1	0	0	1	2	2	1	0	1	0	1	1	1
Sample_2006	1	2	1	0	2	0	0	0	0	1	0	0	0	0	0	0	0	0	0	2	2	0	0	0	0	1
Sample_2007	2	2	0	0	0	0	0	0	0	0	0	1	0	0	0	1	1	0	0	0	0	0	1	2	0	0
Sample_2008	1	0	1	0	0	1	0	0	0	1	1	0	1	1	0	0	0	0	0	2	2	2	0	0	2	0
Sample_2009	2	2	0	0	0	0	0	0	0	0	1	0	0	0	0	0	0	0	0	0	0	0	2	0	0	0
Sample_2010	1	1	0	1	1	0	0	0	0	0	1	0	2	2	1	0	0	0	2	0	0	0	1	2	0	0
Sample_2011	0	0	0	1	1	0	1	0	2	2	1	2	0	0	0	0	0	2	0	0	0	1	0	0	0	0
Sample_2012	0	2	0	0	0	0	0	1	0	0	0	0	1	1	0	0	0	0	1	0	0	0	0	0	0	0
Sample_2013	0	0	0	2	2	1	1	0	0	1	2	0	1	1	2	1	0	1	2	0	0	0	2	2	0	0
Sample_2014	2	2	1	0	0	2	0	0	0	0	0	0	0	0	0	0	0	2	1	2	2	0	0	0	0	0
Sample_2015	2	0	0	0	0	0	1	0	0	0	0	1	1	1	0	0	0	1	1	2	2	2	0	0	0	0
Sample_2016	0	0	0	1	0	0	2	2	0	2	2	1	0	0	1	2	0	1	0	0	0	0	0	2	2	2
Sample_2017	0	0	0	1	1	1	0	0	0	0	0	0	0	0	0	0	0	0	0	1	1	1	0	0	0	0
Sample_2018	2	0	1	0	0	2	0	0	0	1	0	0	0	0	1	0	0	0	0	0	0	0	0	0	0	0
Sample_2020	2	0	0	0	0	0	0	0	0	2	0	0	0	0	0	0	0	0	0	0	0	0	0	2	0	0
Sample_2021	1	0	0	0	0	1	0	2	0	1	0	1	0	0	1	2	0	1	2	2	0	0	1	1	0	0
Sample_2022	0	0	2	1	1	0	1	0	0	1	0	2	0	0	2	0	0	2	1	0	0	0	2	2	0	0
Sample_2023	0	1	0	0	0	0	0	0	0	0	0	1	0	0	0	0	0	1	2	1	1	1	0	0	0	1
Sample_2024	0	1	0	0	0	0	0	0	0	2	0	0	0	0	0	0	0	1	1	1	0	2	0	0	0	0
Sample_2025	0	2	0	0	0	2	0	0	0	1	0	1	0	0	1	0	0	0	0	2	2	2	0	1	0	0
Sample_2026	2	2	0	0	0	0	0	0	0	0	0	0	0	0	1	0	0	0	2	1	1	1	0	0	0	0
Sample_2027	0	0	0	0	0	0	0	0	0	0	0	2	0	0	0	0	0	0	0	0	0	1	0	0	0	0
Sample_2028	1	0	1	0	0	0	0	0	0	0	2	1	0	0	2	0	0	0	2	2	2	2	0	0	0	0
Sample_2029	1	0	0	0	0	1	0	0	0	0	0	0	0	0	0	0	0	1	2	2	2	2	0	0	0	0
Sample_2030	1	0	0	0	1	0	0	0	0	0	0	0	0	0	0	0	0	0	0	0	0	0	0	0	0	0
Sample_2031	1	0	2	2	2	0	0	2	1	0	2	2	2	2	1	1	2	2	2	0	0	0	2	2	2	2
Sample_2032	2	0	0	0	0	2	0	0	0	0	0	0	0	0	1	0	1	0	0	0	0	0	0	0	0	0
Sample_2033	2	1	0	0	0	2	0	0	0	0	0	0	0	0	0	0	0	1	1	2	2	2	0	0	0	0
Sample_2034	1	0	2	0	2	0	2	2	0	2	2	2	1	1	1	1	1	1	1	0	0	0	2	2	1	0
Sample_2035	2	2	0	0	0	2	0	0	0	0	0	0	0	0	1	0	0	0	1	0	2	2	0	0	0	0
Sample_2036	2	1	0	0	0	1	0	0	0	0	0	0	0	0	0	0	0	0	1	2	2	2	0	0	0	0
Sample_2037	0	0	0	1	1	0	2	2	0	0	2	1	0	0	2	2	2	2	2	0	0	0	0	0	0	0
Sample_2038	0	0	2	0	0	0	0	1	0	2	1	2	1	1	0	0	2	0	0	0	0	0	2	2	0	0
Sample_2039	2	0	0	0	0	0	0	0	0	2	1	0	0	0	0	0	1	0	1	0	0	1	0	0	0	0
Sample_2040	2	1	0	1	1	1	0	0	0	0	1	1	0	0	0	0	0	0	1	1	1	1	0	0	0	0
Sample_2041	0	1	0	0	0	1	0	0	0	0	0	0	0	0	0	0	1	0	0	2	2	2	0	0	0	0
Sample_2042	0	0	2	1	1	0	0	1	2	0	0	2	0	0	0	2	0	2	1	0	0	0	2	2	1	1
Sample_2043	2	0	0	2	0	1	0	0	0	0	0	1	0	0	0	0	0	0	0	0	0	0	0	0	0	0
Sample_2044	2	0	1	0	0	1	0	0	0	2	0	0	0	0	0	0	0	1	0	2	1	2	0	0	0	0
Sample_2045	0	0	0	0	0	1	0	1	0	1	0	0	0	0	1	0	0	0	0	0	0	0	0	2	0	0
Sample_2046	1	2	0	0	1	2	0	0	0	2	0	0	0	0	2	0	1	1	1	2	0	0	0	0	0	0
Sample_2047	0	0	2	0	0	0	0	0	0	2	0	2	0	0	0	1	2	0	1	2	0	2	2	2	2	0
Sample_2048	1	1	0	2	2	1	0	1	0	0	0	1	0	0	1	0	0	1	1	1	0	1	0	0	0	0
Sample_2049	0	0	0	1	0	0	0	1	0	0	0	1	0	0	2	1	2	0	2	0	0	0	0	0	2	0
Sample_2050	2	0	0	0	0	0	0	0	0	1	0	0	0	0	1	0	0	0	2	1	1	1	0	0	0	0
Sample_2051	1	0	1	0	0	2	0	0	1	0	0	1	0	0	0	0	0	1	0	2	0	2	0	0	0	0
Sample_2053	2	2	0	0	0	2	0	0	0	0	0	0	0	0	0	0	0	0	0	0	0	0	2	2	0	0
Sample_2054	0	0	1	1	0	0	0	0	0	0	0	0	0	0	0	0	1	0	0	2	2	0	2	2	0	0
Sample_2055	0	0	1	0	0	2	0	0	0	0	0	0	0	0	2	0	1	0	0	2	2	2	0	0	0	0
Sample_2056	2	2	0	0	0	0	0	0	0	0	0	0	0	0	2	0	0	0	0	0	0	0	0	2	0	0
Sample_2057	2	1	0	0	0	1	0	1	0	0	2	0	0	0	2	0	1	2	0	2	2	2	0	0	0	0
Sample_2058	1	0	2	1	1	0	0	0	2	0	2	2	1	1	2	0	2	1	1	0	0	0	2	2	2	2
Sample_2059	2	2	0	0	0	0	0	0	0	2	2	1	0	0	0	0	0	0	1	2	1	2	0	0	0	0
Sample_2060	0	0	1	2	2	0	0	1	0	2	1	0	0	0	2	0	0	2	1	0	1	0	0	1	0	0
Sample_2061	2	0	0	0	0	0	0	0	0	1	0	0	0	0	0	0	0	1	0	0	0	0	0	0	0	0
Sample_2062	1	1	1	1	0	0	0	0	0	0	0	0	0	0	0	0	2	0	0	0	0	0	0	0	0	0
Sample_2063	1	1	2	1	1	0	0	0	0	0	2	0	0	0	1	0	1	0	2	0	0	0	0	0	0	0
Sample_2064	1	1	1	2	2	0	1	1	2	2	1	1	2	2	0	0	2	0	2	0	0	0	0	0	0	0
Sample_2065	1	0	0	0	1	0	0	1	0	0	1	2	0	0	0	0	1	0	1	1	0	2	0	0	0	0
Sample_2066	0	2	0	0	0	1	0	0	0	1	1	0	0	0	1	0	0	0	1	2	0	2	0	2	0	0
Sample_2067	0	0	1	0	2	0	0	2	0	2	1	2	0	0	1	0	1	2	2	1	0	0	0	2	0	0
Sample_2068	2	0	1	2	2	1	0	0	0	1	0	0	1	1	1	0	0	0	0	0	0	0	0	0	1	1
Sample_2069	2	0	1	1	2	0	0	1	1	1	1	2	1	1	2	0	1	0	0	1	0	0	1	1	0	1
Sample_2071	2	1	0	0	0	2	0	1	0	1	0	0	0	0	0	0	0	0	1	1	0	0	0	0	0	0
Sample_2072	2	2	0	0	1	0	0	0	0	2	1	1	0	0	1	0	0	0	0	1	1	1	0	1	0	0
Sample_2073	2	0	1	0	0	2	0	0	0	1	1	1	0	0	1	0	0	0	0	1	0	1	1	1	0	0
Sample_2074	2	2	0	0	0	1	1	0	0	0	1	0	0	0	0	0	0	0	0	2	2	0	0	0	0	0
Sample_2075	0	0	0	1	1	0	0	1	0	2	1	1	0	0	0	0	1	2	0	0	0	0	0	2	0	0
Sample_2076	0	0	0	1	1	0	0	0	0	0	0	0	0	0	0	1	0	0	0	2	0	2	0	2	0	0
Sample_2078	1	1	0	1	1	1	0	1	0	0	0	0	0	0	0	0	0	0	0	2	2	2	0	0	0	0
Sample_2079	2	1	1	0	0	1	0	0	1	0	0	1	0	0	0	0	1	0	0	0	1	1	0	0	0	0
Sample_2080	0	2	1	0	0	1	0	0	0	2	0	0	0	0	0	0	0	0	0	1	0	1	0	0	1	0
Sample_2081	0	1	1	0	1	0	0	0	0	0	0	0	0	0	0	0	0	0	0	0	0	0	0	0	0	0
Sample_2082	1	1	2	1	1	0	2	0	1	2	2	1	1	1	0	2	1	1	0	0	0	0	0	0	0	0
Sample_2083	0	0	1	2	0	0	0	0	0	2	0	0	1	1	0	0	0	0	2	0	0	0	0	0	0	0
Sample_2084	0	0	1	1	2	0	1	0	0	1	2	0	1	1	1	2	0	2	0	0	0	0	2	2	1	1
Sample_2085	0	0	1	0	0	1	1	0	2	0	0	0	0	0	0	0	1	1	0	0	0	0	0	0	2	2
Sample_2086	1	2	1	0	1	2	0	0	0	1	1	0	0	0	1	0	1	0	0	0	0	0	0	0	0	0
Sample_2087	0	0	0	0	0	0	0	0	0	0	0	1	0	0	0	0	0	0	0	0	0	2	0	0	0	0
Sample_2088	2	1	0	0	0	1	0	0	0	0	0	0	1	1	0	0	0	0	2	0	0	0	0	0	0	0
Sample_2089	0	1	0	1	2	0	0	0	0	1	0	0	0	0	1	1	0	0	0	0	0	0	0	0	0	0
Sample_2090	2	1	0	0	0	1	0	0	0	1	1	0	0	0	1	0	0	1	0	0	0	2	0	0	0	0
Sample_2091	0	1	0	0	0	2	0	0	0	1	2	0	0	0	0	1	0	1	0	0	0	0	0	0	0	0
Sample_2092	0	0	0	1	1	0	0	0	1	2	2	2	1	1	2	1	2	0	2	0	0	0	0	0	0	0
Sample_2093	2	0	0	0	0	2	0	0	0	1	0	0	0	0	0	0	0	0	0	2	1	2	0	0	0	0
Sample_2094	1	1	1	2	2	0	0	0	1	2	2	1	0	0	1	0	1	0	2	0	0	0	0	0	1	1
Sample_2097	0	1	0	1	0	1	0	1	0	0	0	0	0	0	0	1	2	0	0	2	0	2	0	0	0	0
Sample_2098	0	0	0	2	2	0	1	1	0	1	1	0	0	0	2	0	0	1	1	1	0	0	0	0	1	2
Sample_2100	0	0	1	0	2	0	2	0	0	0	0	0	0	0	0	0	2	2	1	0	0	2	0	0	2	2
